date              numeric-release   total-contributor-number  china-contributor-number  china-contributor-percent total-patch-number        china-patch-number        china-patch-percent
2005-08-28	v2.6.13	577	16	2.77	3904	58	1.49
2005-10-27	v2.6.14	575	23	4.0	3627	44	1.21
2006-01-02	v2.6.15	650	22	3.38	4959	81	1.63
2006-03-19	v2.6.16	747	27	3.61	5369	74	1.38
2006-06-17	v2.6.17	754	32	4.24	5727	151	2.64
2006-09-19	v2.6.18	848	44	5.19	6323	134	2.12
2006-11-29	v2.6.19	844	30	3.55	6685	100	1.5
2007-02-04	v2.6.20	693	35	5.05	4768	119	2.5
2007-04-25	v2.6.21	794	40	5.04	5016	94	1.87
2007-07-08	v2.6.22	915	51	5.57	6526	137	2.1
2007-10-09	v2.6.23	946	63	6.66	6662	225	3.38
2008-01-24	v2.6.24	1015	62	6.11	9836	334	3.4
2008-04-16	v2.6.25	1174	82	6.98	12243	525	4.29
2008-07-13	v2.6.26	1058	82	7.75	9941	448	4.51
2008-10-09	v2.6.27	1063	77	7.24	10628	559	5.26
2008-12-24	v2.6.28	1121	84	7.49	9048	699	7.73
2009-03-23	v2.6.29	1234	90	7.29	11718	783	6.68
2009-06-09	v2.6.30	1190	90	7.56	11989	627	5.23
2009-09-09	v2.6.31	1218	122	10.02	10883	727	6.68
2009-12-02	v2.6.32	1287	119	9.25	10998	714	6.49
2010-02-24	v2.6.33	1243	111	8.93	10871	739	6.8
2010-05-16	v2.6.34	1191	102	8.56	9443	595	6.3
2010-08-01	v2.6.35	1238	108	8.72	9801	585	5.97
2010-10-20	v2.6.36	1213	111	9.15	9501	596	6.27
2011-01-04	v2.6.37	1313	123	9.37	11446	559	4.88
2011-03-14	v2.6.38	1239	117	9.44	9577	612	6.39
2011-05-18	v2.6.39	1296	119	9.18	10269	614	5.98
2011-07-21	v3.0	1166	116	9.95	9153	568	6.21
2011-10-24	v3.1	1199	133	11.09	8693	604	6.95
2012-01-04	v3.2	1353	163	12.05	11881	699	5.88
2012-03-18	v3.3	1276	132	10.34	10550	582	5.52
2012-05-20	v3.4	1319	141	10.69	10899	571	5.24
2012-07-21	v3.5	1222	129	10.56	10957	632	5.77
2012-09-30	v3.6	1257	157	12.49	10247	807	7.88
2012-12-10	v3.7	1311	165	12.59	11990	1056	8.81
2013-02-18	v3.8	1294	165	12.75	12394	945	7.62
2013-04-28	v3.9	1419	173	12.19	11910	1073	9.01
2013-06-30	v3.10	1428	172	12.04	13637	1076	7.89
2013-09-02	v3.11	1299	171	13.16	10893	1099	10.09
2013-11-03	v3.12	1357	192	14.15	10927	988	9.04
2014-01-19	v3.13	1396	202	14.47	12127	989	8.16
2014-03-30	v3.14	1475	215	14.58	12311	1279	10.39
2014-06-08	v3.15	1531	216	14.11	13722	984	7.17
2014-08-03	v3.16	1509	195	12.92	12804	851	6.65
2014-10-05	v3.17	1454	175	12.04	12354	798	6.46
2014-12-07	v3.18	1497	193	12.89	11379	866	7.61
2015-02-08	v3.19	1490	206	13.83	12617	898	7.12
2015-04-12	v4.0	1488	194	13.04	10346	840	8.12
2015-06-21	v4.1	1568	206	13.14	11916	919	7.71
2015-08-30	v4.2	1625	224	13.78	13694	1112	8.12
2015-11-01	v4.3	1666	258	15.49	12274	1268	10.33
2016-01-10	v4.4	1626	253	15.56	13071	1073	8.21
2016-03-13	v4.5	1576	235	14.91	12080	1110	9.19
2016-05-15	v4.6	1731	256	14.79	13517	1085	8.03
2016-07-24	v4.7	1610	226	14.04	12283	1118	9.1
2016-10-02	v4.8	1625	243	14.95	13382	1300	9.71
2016-12-11	v4.9	1756	259	14.75	16214	1720	10.61
2017-02-19	v4.10	1721	245	14.24	13029	1278	9.81
2017-04-30	v4.11	1786	239	13.38	12724	1115	8.76
2017-07-02	v4.12	1864	274	14.7	14570	1443	9.9
2017-09-03	v4.13	1718	272	15.83	13006	1221	9.39
2017-11-12	v4.14	1804	281	15.58	13452	1455	10.82
2018-01-28	v4.15	1845	307	16.64	14866	1720	11.57
2018-04-01	v4.16	1835	292	15.91	13630	1529	11.22
2018-06-03	v4.17	1751	269	15.36	13541	1507	11.13
2018-08-12	v4.18	1763	278	15.77	13283	1405	10.58
2018-10-22	v4.19	1779	297	16.69	14043	1473	10.49
2018-12-23	v4.20	1770	308	17.4	13884	1699	12.24
2019-03-03	v5.0	1780	323	18.15	12808	1536	11.99
2019-05-05	v5.1	1759	354	20.13	13034	1776	13.63
2019-07-07	v5.2	1804	347	19.24	14024	1912	13.63
2019-09-15	v5.3	1901	355	18.67	14605	2165	14.82
2019-11-24	v5.4	1892	379	20.03	14619	2300	15.73
2020-01-26	v5.5	1901	361	18.99	14350	1911	13.32
2020-03-29	v5.6	1724	352	20.42	12665	1670	13.19
2020-05-31	v5.7	1895	373	19.68	13901	1763	12.68
2020-08-02	v5.8	2015	426	21.14	16306	2370	14.53
2020-10-11	v5.9	1924	421	21.88	14858	2126	14.31
2020-12-13	v5.10	1981	436	22.01	16175	2563	15.85
2021-02-14	v5.11	1928	430	22.3	14340	2132	14.87
2021-04-25	v5.12	1880	442	23.51	13015	2050	15.75
2021-06-27	v5.13	2080	503	24.18	16030	3004	18.74
2021-08-29	v5.14	1929	479	24.83	14735	3070	20.83
2021-10-31	v5.15	1812	450	24.83	12377	1894	15.3
2022-01-09	v5.16	2007	466	23.22	14190	2103	14.82
2022-03-20	v5.17	1914	447	23.35	13038	1878	14.4
2022-05-22	v5.18	2041	500	24.5	14954	2298	15.37
2022-07-31	v5.19	2111	551	26.1	15134	2749	18.16
2022-10-02	v6.0	2059	557	27.05	15402	2715	17.63
2022-12-11	v6.1	2067	578	27.96	13942	3227	23.15
2023-02-19	v6.2	2105	549	26.08	15536	2516	16.19
2023-04-23	v6.3	1978	456	23.05	14424	1849	12.82
2023-06-25	v6.4	1992	491	24.65	14835	1909	12.87
2023-08-27	v6.5	1934	481	24.87	13561	1975	14.56
2023-10-29	v6.6	1989	505	25.39	14069	2970	21.11
2024-01-07	v6.7	1985	493	24.84	17284	2305	13.34
2024-03-10	v6.8	1950	451	23.13	14405	1822	12.65
2024-05-12	v6.9	2035	460	22.6	14480	1961	13.54
2024-07-14	v6.10	1927	438	22.73	13312	1834	13.78
2024-09-15	v6.11	1982	428	21.59	13890	2141	15.41
2024-11-17	v6.12	2086	504	24.16	13344	2540	19.03
2025-01-19	v6.13	2020	508	25.15	12982	2030	15.64
2025-03-24	v6.14	1912	444	23.22	11003	1553	14.11
2025-05-25	v6.15	2081	470	22.59	14612	2045	14.0
2025-07-27	v6.16	2068	483	23.36	14639	2053	14.02
2025-09-28	v6.17	2044	505	24.71	13089	1848	14.12
